200;1;
200;185;140;50;;
285;300;180;105;;
0;7;40;150;;
0;0;0;0;;
0;1;1;20;;
105;
100;85;70;10;;
105;60;30;30;;
0;10;20;90;;
668;0;3;
1;20;
2.5;
1035;85;115;270;
2;1;1;3;0.6;3;
SD7003;E195;CLARKY;
5;0.5;
=J29;;;
1900;;
1;3;4600;
2;2;8;1;
2;10;4.5;
2;;;1;
1000;7;107;5;3;0,1;0;0;1;0,05;
Plomb de centrage;=IF(COUNT(SUMPRODUCT(R8:R26,S6-S8:S26)/(S7-S6)),SUMPRODUCT(R8:R26,S6-S8:S26)/(S7-S6),"-");-250;-;Fuselage;250;160;1070;Ailes;350;100;200;Clé d'aile;75;75;-;Stab;90;=700-100+50;80;Servos fuselage;50;-100;-;Servos aile;50;100;-;Accu;75;-200;-;Récepteur;10;-200;-;;;;;;;;;;;;;;;;;;;;;;;;;;;;;;;;;;;;;;;;;;;;;
100;30;30;360;10;30;50;30;120;25;30;60;40;270;15;30;;;;;;100;0.05;8;30;100;15;1;
163.31;0;0;0;0;0;0;0;0;0;0;0;0;159.69;0;0;0;0;0;0;0;0;0;0;0;0;156.07;0;0;0;0;0;0;0;0;0;0;0;0;152.45;0;0;0;0;0;0;0;0;0;0;0;0;148.83;0;0;0;0;0;0;0;0;0;0;0;0;145.2;0;0;0;0;0;0;0;0;0;0;0;0;141.58;0.66;0.45;0;0;0;0;0;0;0;0;0;0;137.96;2.01;1.35;0;0;0;0;0;0;0;0;0;0;134.34;4.52;2.95;0;0;0;0;0;0;0;0;0;0;130.72;6.47;4.12;0;0;0;0;0;0;0;0;0;0;127.1;8.57;5.32;0;0;0;0;0;0;0;0;0;0;123.48;10.19;6.16;0;0;0;0;0;0;0;0;0;0;119.86;11.87;7;0;0;0;0;0;0;0;0;0;0;116.24;13.49;7.74;0;0;0;0;0;0;0;0;0;0;112.61;14.9;8.32;0;0;0;0;0;0;0;0;0;0;108.99;16.27;8.83;0;0;0;0;0;0;0;0;0;0;105.37;17.64;9.3;0;0;0;0;0;0;0;0;0;0;101.75;19.02;9.74;0;0;0;0;0;0;0;0;0;0;98.13;20.29;10.08;0;0;0;0;0;0;0;0;0;0;94.51;21.4;10.29;0;0;0;0;0;0;0;0;0;0;90.89;22.63;10.52;0;0;0;0;0;0;0;0;0;0;87.27;23.64;10.61;0;0;0;0;0;0;0;0;0;0;83.65;24.74;10.71;0;0;0;0;0;0;0;0;0;0;80.02;25.62;10.66;0;0;0;0;0;0;0;0;0;0;76.4;26.57;10.61;0;0;0;0;0;0;0;0;0;0;72.78;27.29;10.43;0;0;0;0;0;0;0;0;0;0;69.16;27.92;10.18;0;0;0;0;0;0;0;0;0;0;65.54;29.09;10.13;0;0;0;0;0;0;0;0;0;0;61.92;30.42;10.1;0;0;0;0;0;0;0;0;0;0;58.3;31.59;9.96;0;0;0;0;0;0;0;0;0;0;54.68;32.59;9.71;0;0;0;0;0;0;0;0;0;0;51.06;33.38;9.34;0;0;0;0;0;0;0;0;0;0;47.43;33.94;8.87;0;0;0;0;0;0;0;0;0;0;43.81;34.11;8.24;0;0;0;0;0;0;0;0;0;0;40.19;33.28;7.33;0;0;0;0;0;0;0;0;0;0;36.57;29.91;5.84;0;0;0;0;0;0;0;0;0;0;32.95;0;0;0;0;0;0;0;0;0;0;0;0;29.33;0;0;0;0;0;0;0;0;0;0;0;0;25.71;0;0;0;0;0;0;0;0;0;0;0;0;22.09;0;0;0;0;0;0;0;0;0;0;0;0;18.47;0;0;0;0;0;0;0;0;0;0;0;0;14.84;0;0;0;0;0;0;0;0;0;0;0;0;11.22;0;0;0;0;0;0;0;0;0;0;0;0;7.6;0;0;0;0;0;0;0;0;0;0;0;0;3.98;0;0;0;0;0;0;0;0;0;0;0;0;0.36;0;0;0;0;0;0;0;0;0;0;0;0;
0;0;60;60;0;0.6;0.25;
0;0;0.1;0;0.2;-0.074;-0.324;0.878;5;5;5;0.004;;0.21;0.447;0.1;0;0.2;-0.074;-0.324;0.4;19715;19715;19715;0.058;;0.42;1696;0.1;0;0.2;-0.074;-0.324;0.355;24728;24728;24728;0.092;;0.63;3233;0.1;0;0.2;-0.074;-0.324;0.324;29544;29544;29544;0.131;;0.84;5047;0.1;0;0.2;-0.074;-0.324;0.302;34166;34166;34166;0.175;;1.05;7127;0.1;0;0.2;-0.074;-0.324;0.285;38599;38599;38599;0.223;;1.26;9462;0.1;0;0.2;-0.074;-0.324;0.272;42847;42847;42847;0.275;;1.47;12041;0.1;0;0.2;-0.074;-0.324;0.262;46914;46914;46914;0.329;;1.68;14854;0.1;0;0.2;-0.074;-0.324;0.254;50806;50806;50806;0.386;;1.89;17891;0.1;0;0.2;-0.074;-0.324;0.247;54527;54527;54527;0.445;;2.1;21141;0.1;0;0.2;-0.074;-0.324;0.241;58082;58082;58082;0.505;;2.31;24596;0.1;0;0.2;-0.074;-0.324;0.237;61474;61474;61474;0.566;;2.52;28246;0.1;0;0.2;-0.074;-0.324;0.233;64711;64711;64711;0.627;;2.73;32081;0.1;0;0.2;-0.074;-0.324;0.23;67796;67796;67796;0.688;;2.94;36094;0.1;0;0.2;-0.074;-0.324;0.227;70735;70735;70735;0.749;;3.15;40275;0.1;0;0.2;-0.074;-0.324;0.224;73533;73533;73533;0.809;;3.36;44617;0.1;0;0.2;-0.074;-0.324;0.222;76196;76196;76196;0.869;;3.57;49111;0.1;0;0.2;-0.074;-0.324;0.22;78.73;78.73;78.73;0.928;;3.78;53751;0.1;0;0.2;-0.074;-0.324;0.218;81138;81138;81138;0.985;;3.99;58529;0.1;0;0.197;-0.075;-0.306;0.215;83426;83426;83426;1024;;4.2;63438;0.104;-0.822;0.156;-0.091;-0.04;0.21;85607;85607;85608;0.807;;4.41;68473;0.104;0;0.182;-0.081;-0.208;0.21;87.68;87.68;87681;1026;;4.62;73626;0.128;-0.642;0.15;-0.093;-0.003;0.207;89626;89626;89627;0.842;;4.83;78891;0.111;-1611;0.142;-0.096;0.055;0.207;91524;91524;91532;0.811;;5.04;84266;0.1;0;0.165;-0.087;-0.094;0.205;93305;93305;93309;1024;;5.25;89741;0.15;-0.371;0.146;-0.095;0.025;0.205;94933;94933;94936;0.911;;5.46;95309;0.177;-0.796;0.144;-0.095;0.036;0.204;96507;96507;96507;0.926;;5.67;100969;0.167;-1028;0.146;-0.095;0.025;0.203;98041;98041;98042;0.97;;5.88;106717;0.139;-1098;0.147;-0.094;0.022;0.202;99521;99521;99523;1004;;6.09;112.55;0.107;-1034;0.147;-0.094;0.021;0.201;100928;100928;100.93;1035;;6.3;118464;0.124;0.064;0.142;-0.096;0.05;0.201;102189;102189;102201;1019;;6.51;124446;0.219;0.144;0.144;-0.096;0.04;0.2;103291;103291;103305;1055;;6.72;130492;0.33;0.546;0.148;-0.094;0.011;0.199;104312;104312;104339;1121;;6.93;136595;0.485;1067;0.148;-0.094;0.011;0.199;105214;105214;105267;1141;;7.14;142748;0.701;1657;0.148;-0.094;0.011;0.199;105984;105984;106077;1158;;7.35;148943;0.984;2.32;0.149;-0.094;0.009;0.198;106613;106613;106766;1176;;7.56;155172;1344;3.05;0.149;-0.094;0.008;0.198;107098;107098;107332;1191;;7.77;161427;1786;3835;0.149;-0.093;0.006;0.198;107431;107431;107774;1203;;7.98;167698;2318;4665;0.149;-0.093;0.005;0.198;107612;107612;108092;1213;;8.19;173976;2943;5531;0.149;-0.093;0.003;0.197;107.64;107.64;108286;1219;;8.4;180254;3664;6425;0.15;-0.093;0.002;0.197;107517;107517;108.36;1223;;8.61;186521;4484;7337;0.15;-0.093;0.001;0.197;107247;107247;108317;1224;;8.82;192769;5404;8259;0.15;-0.093;0;0.197;106836;106836;108162;1222;;9.03;198992;6421;9183;0.15;-0.093;-0.001;0.198;106292;106292;107.9;1218;;9.24;205179;7536;10101;0.15;-0.093;-0.002;0.198;105625;105625;107536;1212;;9.45;211326;8744;11005;0.151;-0.093;-0.003;0.198;104846;104846;107078;1203;;9.66;217425;10042;11889;0.151;-0.093;-0.004;0.198;103967;103967;106534;1192;;9.87;223472;11426;12746;0.151;-0.093;-0.005;0.198;103001;103001;105909;1.18;;10.08;229.46;12.89;13.57;0.151;-0.093;-0.006;0.199;101963;101963;105214;1166;;10.29;235387;14427;14355;0.151;-0.093;-0.007;0.199;100867;100867;104456;1151;;10.5;241249;16032;15095;0.151;-0.093;-0.008;0.199;99727;99727;103643;1134;;10.71;247044;17697;15786;0.151;-0.093;-0.009;0.2;98557;98557;102785;1117;;10.92;252.77;19416;16423;0.151;-0.093;-0.01;0.2;97373;97373;101.89;1098;;11.13;258427;21.18;17002;0.152;-0.092;-0.01;0.201;96187;96187;100968;1.08;;11.34;264015;22983;17519;0.152;-0.092;-0.011;0.201;95012;95012;100026;1061;;11.55;269535;24816;17.97;0.152;-0.092;-0.012;0.202;93862;93862;99074;1041;;11.76;274988;26672;18353;0.152;-0.092;-0.012;0.202;92747;92747;98.12;1022;;11.97;280377;28545;18666;0.152;-0.092;-0.013;0.203;91678;91678;97172;1003;;12.18;285705;30426;18905;0.152;-0.092;-0.013;0.203;90664;90664;96239;0.985;;12.39;290975;32308;19071;0.152;-0.092;-0.014;0.204;89714;89714;95329;0.967;;12.6;296191;34186;19162;0.152;-0.092;-0.014;0.204;88836;88836;94449;0.949;;12.81;301357;36053;19178;0.152;-0.092;-0.014;0.205;88035;88035;93607;0.933;;13.02;306478;37902;19118;0.152;-0.092;-0.014;0.205;87318;87318;92.81;0.917;;13.23;311559;39728;18984;0.152;-0.092;-0.014;0.206;86688;86688;92063;0.902;;13.44;316605;41526;18778;0.152;-0.092;-0.014;0.206;86149;86149;91374;0.888;;13.65;321621;43291;18501;0.152;-0.092;-0.014;0.207;85703;85703;90747;0.876;;13.86;326613;45018;18155;0.152;-0.092;-0.013;0.207;85352;85352;90189;0.864;;14.07;331587;46703;17746;0.152;-0.092;-0.012;0.207;85096;85096;89703;0.854;;14.28;336547;48343;17277;0.152;-0.092;-0.011;0.208;84936;84936;89294;0.845;;14.49;341.5;49934;16752;0.152;-0.093;-0.01;0.208;84869;84869;88964;0.838;;14.7;346451;51472;16178;0.151;-0.093;-0.009;0.208;84893;84893;88717;0.832;;14.91;351405;52957;15562;0.151;-0.093;-0.007;0.208;85007;85007;88553;0.827;;15.12;356367;54385;14909;0.151;-0.093;-0.006;0.208;85207;85207;88475;0.824;;15.33;361343;55755;14228;0.151;-0.093;-0.004;0.208;85489;85489;88481;0.822;;15.54;366336;57066;13526;0.15;-0.093;-0.002;0.208;85848;85848;88571;0.822;;15.75;371352;58317;12811;0.15;-0.093;0;0.208;86279;86279;88743;0.823;;15.96;376394;59509;12093;0.15;-0.093;0.002;0.208;86776;86776;88994;0.826;;16.17;381467;60641;11379;0.149;-0.093;0.003;0.208;87334;87334;89321;0.83;;16.38;386573;61715;10677;0.149;-0.093;0.005;0.208;87945;87945;89719;0.835;;16.59;391716;62732;9997;0.149;-0.094;0.006;0.207;88605;88605;90183;0.842;;16.8;396898;63694;9345;0.149;-0.094;0.008;0.207;89305;89305;90706;0.851;;17.01;402122;64603;8728;0.149;-0.094;0.009;0.207;90038;90038;91282;0.86;;17.22;407388;65463;8154;0.148;-0.094;0.01;0.206;90798;90798;91904;0.871;;17.43;412.7;66278;7628;0.148;-0.094;0.011;0.206;91577;91577;92564;0.882;;17.64;418057;67052;7154;0.148;-0.094;0.011;0.205;92368;92368;93253;0.895;;17.85;423461;67788;6738;0.148;-0.094;0.012;0.205;93163;93163;93964;0.908;;18.06;428911;68492;6381;0.148;-0.094;0.012;0.205;93956;93956;94688;0.922;;18.27;434407;69.17;6087;0.148;-0.094;0.012;0.204;94738;94738;95417;0.936;;18.48;439948;69826;5856;0.148;-0.094;0.012;0.204;95504;95504;96142;0.951;;18.69;445534;70467;5689;0.148;-0.094;0.011;0.203;96245;96245;96856;0.965;;18.9;451162;71098;5585;0.148;-0.094;0.011;0.203;96956;96956;97552;0.98;;19.11;456831;71725;5545;0.148;-0.094;0.01;0.203;97.63;97.63;98221;0.994;;19.32;462539;72355;5564;0.148;-0.094;0.01;0.202;98.26;98.26;98859;1007;;19.53;468282;72992;5643;0.149;-0.094;0.009;0.202;98841;98841;99458;1021;;19.74;474058;73642;5776;0.149;-0.094;0.009;0.202;99367;99367;100014;1033;;19.95;479864;74312;5962;0.149;-0.094;0.008;0.201;99835;99835;100522;1044;;20.16;485696;75005;6195;0.149;-0.094;0.007;0.201;100239;100239;100978;1055;;20.37;491.55;75726;6473;0.149;-0.093;0.006;0.201;100577;100577;101379;1065;;20.58;497423;76.48;6791;0.149;-0.093;0.005;0.201;100846;100846;101723;1073;;20.79;503309;77.27;7144;0.149;-0.093;0.005;0.2;101044;101044;102007;1.08;;21;509206;78099;7528;0.149;-0.093;0.004;0.2;101.17;101.17;102231;1086;;21.21;515109;78.97;7938;0.15;-0.093;0.003;0.2;101224;101224;102393;1091;;21.42;521014;79885;8369;0.15;-0.093;0.002;0.2;101206;101206;102496;1094;;21.63;526916;80846;8817;0.15;-0.093;0.002;0.2;101118;101118;102538;1096;;21.84;532812;81853;9276;0.15;-0.093;0.001;0.2;100963;100963;102521;1097;;22.05;538698;82907;9743;0.15;-0.093;0;0.2;100744;100744;102448;1096;;22.26;544569;84009;10212;0.15;-0.093;0;0.2;100463;100463;102321;1094;;22.47;550423;85156;10.68;0.15;-0.093;-0.001;0.2;100126;100126;102142;1091;;22.68;556257;86349;11142;0.15;-0.093;-0.002;0.2;99738;99738;101914;1088;;22.89;562066;87585;11594;0.15;-0.093;-0.002;0.201;99305;99305;101642;1083;;23.1;567.85;88863;12032;0.15;-0.093;-0.003;0.201;98831;98831;101329;1077;;23.31;573606;90.18;12453;0.151;-0.093;-0.004;0.201;98323;98323;100978;1.07;;23.52;579331;91534;12853;0.151;-0.093;-0.004;0.201;97788;97788;100595;1063;;23.73;585024;92921;13.23;0.151;-0.093;-0.005;0.201;97232;97232;100184;1055;;23.94;590685;94339;13.58;0.151;-0.093;-0.005;0.202;96661;96661;99749;1046;;24.15;596312;95784;13.9;0.151;-0.093;-0.005;0.202;96083;96083;99294;1037;;24.36;601906;97252;14.19;0.151;-0.093;-0.006;0.202;95503;95503;98826;1028;;24.57;607466;98741;14445;0.151;-0.093;-0.006;0.202;94928;94928;98348;1019;;;;;;;;;;;;;;;;;;;;;;;;;;;;;;;;;;;;;;;;;;;;;;;;;;;;;;;;;;;;;;;;;;;;;;;;;;;;;;;;;;;;;;;;;;;;;;;;;;;;;;;;;;;;;;;;;;;;;;;;;;;;;;;;;;;;;;;;;;;;;;;;;;;;;;;;;;;;;;;;;;;;;;;;;;;;;;;;;;;;;;;;;;;;;;;;;;;;;;;;;;;;;;;;;;;;;;;;;;;;;;;;;;;;;;;;;;;;;;;;;;;;;;;;;;;;;;;;;;;;;;;;;;;;;;;;;;;;;;;;;;;;;;;;;;;;;;;;;;;;;;;;;;;;;;;;;;;;;;;;;;;;;;;;;;;;;;;;;;;;;;;;;;;;;;;;;;;;;;;;;;;;;;;;;;;;;;;;;;;;;;;;;;;;;;;;;;;;;;;;;;;;;;;;;;;;;;;;;;;;;;;;;;;;;;;;;;;;;;;;;;;;;;;;;;;;;;;;;;;;;;;;;;;;;;;;;;;;;;;;;;;;;;;;;;;;;;;;;;;;;;;;;;;;;;;;;;;;;;;;;;;;;;;;;;;;;;;;;;;;;;;;;;;;;;;;;;;;;;;;;;;;;;;;;;;;;;;;;;;;;;;;;;;;;;;;;;;;;;;;;;;;;;;;;;;;;;;;;;;;;;;;;;;;;;;;;;;;;;;;;;;;;;;;;;;;;;;;;;;;;;;;;;;;;;;;;;;;;;;;;;;;;;;;;;;;;;;;;;;;;;;;;;;;;;;;;;;;;;;;;;;;;;;;;;;;;;;;;;;;;;;;;;;;;;;;;;;;;;;;;;;;;;;;;;;;;;;;;;;;;;;;;;;;;;;;;;;;;;;;;;;;;;;;;;;;;;;;;;;;;;;;;;;;;;;;;;;;;;;;;;;;;;;;;;;;;;;;;;;;;;;;;;;;;;;;;;;;;;;;;;;;;;;;;;;;;;;;;;;;;;;;;;;;;;;;;;;;;;;;;;;;;;;;;;;;;;;;;;;;;;;;;;;;;;;;;;;;;;;;;;;;;;;;;;;;;;;;;;;;;;;;;;;;;;;;;;;;;;;;;;;;;;;;;;;;;;;;;;;;;;;;;;;;;;;;;;;;;;;;;;;;;;;;;;;;;;;;;;;;;;;;;;;;;;;;;;;;;;;;;
18;1000;;70;;0.2;4.5;70;0.8;180;


**********************
*                                        *
*       Modèle exemple       *
*                                        *
**********************

*****************************************************

Commentaire enregistré avec les données modèles, 30 lignes max.

*****************************************************
